Groap_A = c(1.25310535, 0.55464140, 0.30128300, 1.29312466, 0.99455579,
            0.51417430, 2.00783240, 0.42224244, 2.17877257, 3.21778902,
            0.55782935, 0.59461765, 0.97739581, 0.20986658, 0.30944786,
            1.10593627, 0.77418776, 0.08967408,1.10817666, 0.24726425,
            1.57198685, 4.83281274, 0.43113213, 2.73038931, 1.13683142,
            0.81336825, 0.83700649, 1.78476540, 2.31247163, 2.90988727)
Groap_B = c(2.94928948, 0.70302878, 0.69016263, 1.25069011, 0.43649776,
           0.22462232, 0.39231981, 1.57634350, 0.42792839, 0.19608026,
           0.37724368, 0.07071508, 0.03962611, 0.38580831, 2.63928857,
           0.78220807, 0.66454197, 0.95685690,0.02484568, 0.21600677,
           0.88031195, 0.13567357, 0.68181725, 0.20116062,0.48347620,
           0.50102846, 0.15668497, 0.71992076, 0.68549794, 0.86150777)